1376
3241
5046
11812
19177
21059
29860
29928
32028
34582
35859
43594
57192
57194
60991
63372
64098
69156
70177
75042
78016
78708
86507
93452
96639
97997
100330
107068
110371
113458
118211
125821
126909
129357
129762
131337
131720
132109
135611
140599
142732
143790
146696
146772
148305
152275
154561
157002
165657
168394
177569
180627
197435
199473
200196
202157
207656
213057
213121
213166
214700
215138
221241
223818
225496
227565
230386
233317
236053
236417
237505
239465
240280
244992
248285
250423
250610
252504
258987
259836
261074
264672
268861
271322
273622
273705
276368
294301
295917
296198
296463
298140
301113
301227
302699
303279
305273
305950
310293
316891
317464
319988
322706
322718
323857
328017
328273
329962
331514
334104
336989
348490
353527
358404
358942
359586
359955
363766
363972
368532
369250
369374
380566
384229
388807
392709
395581
397314
399830
401100
403362
404161
404718
408805
415884
418197
421054
422603
423974
424072
424073
425283
428383
428921
429624
438962
439024
439699
443198
447897
450323
450635
451421
452475
454246
456855
461323
472131
479636
510398
510485
518723
520873
522712
522865
522953
523694
526323
529740
532793
533413
540417
542642
547694
548077
554352
558777
563471
564221
564397
566468
566828
568938
569593
572167
573499
574279
576161
581882
586950
591234
594526
596202
606221
606472
612489
615771
615903
617885
618293
620972
628377
628903
631502
635149
635936
641491
644225
645351
645612
649182
653764
657636
658681
659971
660321
660667
666321
666731
673730
674002
674488
677315
680029
680712
683154
685474
686460
689617
689622
690513
692900
695882
697890
699107
704129
705423
705463
715250
715251
722583
722627
723226
724560
729181
730325
737148
738359
738576
741513
741658
745883
750543
765439
775793
776508
777871
780853
790355
790542
790647
792527
792584
804325
807397
809882
815125
815157
815725
816859
816922
817192
819596
819728
825301
827198
827478
828064
830568
834272
836372
837090
837539
839527
843330
846383
847685
848599
850602
852815
855150
855163
855772
855773
872544
873628
877482
878990
882116
883836
887257
888229
890970
893807
894155
896598
909467
911927
912729
913040
915423
917065
917548
918967
919476
923956
929496
940095
943323
948259
954522
959187
959431
960430
960592
971582
979390
987415
998823
999569
1000738
1004051
1007292
1008427
1009312
1014625
1016169
1017534
1019911
1021212
1024686
1027069
1030164
1041900
1046348
1050070
1061729
1061773
1063221
1063229
1065347
1067772
1068510
1070063
1071228
1082770
1084671
1086910
1087507
1090189
1090390
1090452
1093411
1094496
1097814
1098252
1099307
1102595
1103932
1105924
1105943
1106030
1106097
1106258
1108059
1108119
1108593
1110514
1110919
1115335
1116786
1118719
1118959
1125304
1128874
1129028
1142469
1144774
1149549
1149675
1150981
1152599
1153052
1154934
1156511
1156777
1157342
1161671
1171428
1173142
1173930
1175774
1177973
1184650
1185455
1203982
1205092
1205168
1209004
1210510
1212292
1212578
1213216
1217364
1227385
1229497
1245547
1249292
1252397
1270743
1270994
1273192
1273551
1274987
1275841
1276750
1276816
1276828
1276890
1277941
1279668
1288639
1290294
1292940
1293628
1296529
1300557
1300729
1300745
1312562
1317723
1319885
1322171
1322407
1326744
1327660
1329843
1334304
1345299
1346534
1346576
1349207
1350106
1351473
1352441
1353942
1358959
1359395
1360188
1360379
1360702
1363016
1364884
1365473
1370397
1370477
1376689
1378252
1379534
1385887
1391140
1392119
1392669
1394613
1398714
1403633
1409001
1410829
1411013
1411976
1411985
1412742
1412771
1418255
1427355
1428858
1437740
1442528
1444867
1446479
1449127
1454712
1455845
1456002
1456016
1457642
1458353
1461275
1464387
1464643
1464950
1466123
1467897
1479150
1491580
1491920
1494507
1497801
1499093
1499245
1501676
1503112
1507286
1509507
1510434
1511972
1513411
1516343
1523421
1528348
1528947
1530050
1533675
1536884
1545418
1555164
1555388
1563146
1563638
1563657
1574916
1574918
1579173
1580685
1588209
1594707
1596777
1597973
1598387
1598494
1598894
1600714
1601654
1609296
1611828
1611931
1614060
1615300
1617103
1617557
1618750
1626319
1631583
1631756
1633888
1634665
1635235
1639485
1645074
1650817
1650848
1650857
1650894
1651210
1654036
1659792
1663018
1663023
1664891
1667004
1668319
1672116
1672865
1673742
1674510
1675581
1675864
1679812
1681520
1684976
1685302
1685855
1687652
1693509
1700076
1709169
1716102
1716119
1723511
1724895
1727160
1735470
1736568
1737339
1740981
1741105
1742778
1748802
1753638
1756002
1765042
1765830
1767060
1767838
1775532
1777497
1777762
1778223
1779117
1779605
1783179
1783205
1783345
1783558
1784541
1788006
1790366
1790511
1792236
1794591
1796191
1797545
1799719
1800570
1800774
1806992
1810969
1815606
1820517
1821868
1824687
1825248
1831133
1834652
1834675
1836488
1844695
1844812
1845467
1848139
1858296
1866177
1866785
1866888
1869226
1875226
1876858
1877995
1878712
1880459
1884455
1890465
1892341
1892390
1896248
1896808
1898669
1900444
1902510
1903347
1905453
1908542
1908947
1910192
1910942
1911287
1919909
1922199
1925696
1927994
1928665
1933645
1935561
1937045
1938814
1940380
1946043
1946580
1947817
1947854
1955184
1955195
1955415
1957347
1962797
1967204
1969783
1977416
1977672
1982768
1987353
1989095
1991023
1993059
1999518
2002107
2003641
2005224
2008952
2009693
2012437
2013438
2016199
2016576
2022386
2022515
2023992
2027487
2027812
2028772
2029917
2035025
2035551
2035962
2036438
2037933
2040537
2040992
2041941
2042597
2042976
2044007
2053658
2058635
2062908
2067427
2069817
2070073
2070372
2075094
2080585
2085394
2090479
2096342
2096551
2098714
2098973
2101258
2102697
2110292
2115928
2117207
2119729
2122700
2125547
2126451
2130778
2131828
2132916
2133128
2137300
2141246
2145128
2145692
2149207
2151275
2153011
2157964
2161186
2166042
2166992
2169902
2171229
2178082
2182736
2183291
2183508
2184824
2185754
2186728
2187237
2187525
2195429
2195967
2196467
2196472
2196927
2196969
2202680
2202915
2209388
2210591
2219441
2220199
2222008
2223539
2224640
2227600
2230837
2231221
2231346
2232337
2234919
2242511
2243055
2245415
2255345
2266696
2266967
2271345
2275186
2276193
2277597
2278635
2279222
2283344
2285305
2286306
2290440
2293003
2293254
2295174
2296264
2296744
2296751
2304384
2305760
2306642
2307727
2309160
2310696
2311148
2313901
2315717
2315732
2317335
2317583
2322829
2323927
2327569
2330700
2332759
2336116
2342853
2345506
2346300
2347751
2361180
2363281
2364508
2366637
2366638
2367270
2368101
2370817
2378393
2378634
2379866
2383493
2383584
2384215
2386850
2387216
2387617
2387619
2390762
2402569
2403773
2412152
2419612
2423059
2426346
2430330
2437880
2440976
2441038
2445023
2450654
2453902
2453909
2460992
2465974
2467016
2467021
2468378
2472414
2475498
2477623
2483187
2483788
2489294
2490241
2490799
2494100
2494117
2499657
2499658
2502404
2502876
2504722
2505375
2505497
2505589
2507384
2508112
2508380
2510655
2511548
2512233
2527933
2528587
2530553
2530674
2535070
2535918
2538780
2538834
2538848
2544337
2548239
2549278
2564654
2564889
2565288
2566422
2566584
2567118
2568139
2568422
2568654
2570928
2574911
2583050
2583051
2591706
2593520
2596370
2596768
2599980
2600002
2600481
2605396
2609250
2609550
2610412
2610455
2613276
2613338
2617923
2620933
2621033
2621054
2621247
2622326
2623102
2624507
2624785
2625729
2625835
2628181
2628471
2628991
2631330
2638280
2648420
2648524
2654040
2656374
2664326
2666545
2678055
2680652
2681687
2681782
2682743
2683083
2683415
2687300
2691461
2708720
2709020
2714811
2715749
2719097
2721039
2721162
2722949
2725170
2727887
2729468
2729691
2731227
2733746
2735701
2739318
2739321
2739477
2739589
2740317
2740570
2740911
2743445
2743482
2745129
2746438
2747254
2751345
2752387
2752392
2764773
2766535
2767064
2767922
2768905
2771590
2772695
2775923
2776797
2779934
2783272
2784374
2785289
2787209
2787234
2788140
2788372
2788414
2789054
2793027
2793915
2803161
2805050
2805823
2806658
2811980
2817050
2819102
2825747
2837437
2843360
2845758
2846068
2847278
2847295
2848090
2852901
2852976
2859052
2860815
2860820
2864223
2865006
2865057
2877174
2884634
2885850
2886653
2890884
2893616
2895917
2899972
2900155
2901630
2903947
2910574
2912989
2915317
2917189
2923745
2923785
2923797
2927373
2944821
2946040
2947126
2948756
2955575
2956586
2958545
2960178
2963032
2966643
2966646
2967241
2969045
2969298
2970258
2970773
2971109
2983737
2986273
2988407
2988674
2994883
2995669
2997220
2998149
3003200
3003545
3009558
3023519
3024035
3028920
3030085
3031293
3035474
3043837
3048926
3048956
3053806
3054529
3054783
3055078
3060458
3070085
3070436
3073551
3077706
3078249
3081118
3083075
3084031
3088657
3092631
3092806
3095048
3096758
3100243
3100602
3100616
3106744
3110876
3114082
3122177
3122307
3122337
3122863
3123005
3124111
3126208
3127248
3127545
3127834
3129648
3141047
3141083
3141219
3142343
3143663
3147326
3148050
3149315
3151744
3151745
3153499
3157606
3160988
3174957
3182740
3188394
3192008
3193641
3194971
3195729
3195805
3197509
3201826
3205719
3210531
3213335
3215580
3216042
3218346
3218382
3230729
3231116
3232500
3233276
3233309
3236390
3238582
3239518
3241079
3241205
3245918
3246013
3250219
3252931
3253006
3253476
3253907
3254640
3254689
3254847
3256843
3265063
3265240
3266924
3267445
3271036
3281941
3289022
3290805
3292463
3292510
3293451
3293454
3294897
3298436
3298438
3304336
3304512
3309039
3309159
3310817
3312128
3326627
3326642
3340053
3340433
3342089
3349385
3355484
3356149
3356164
3358857
3359828
3364012
3369099
3377809
3377824
3381270
3383991
3387859
3391315
3392597
3393179
3396969
3397286
3398126
3399838
3400464
3401592
3401600
3403340
3405571
3408304
3409561
3414779
3415233
3428633
3435235
3438636
3439928
3440928
3443590
3449076
3450608
3451112
3452284
3452513
3454022
3458619
3460488
3461331
3472691
3473347
3474541
3475444
3478476
3478635
3482438
3483143
3486516
3486793
3491759
3499218
3500228
3500378
3508554
3508714
3511200
3522714
3529976
3531575
3543581
3546388
3554332
3557307
3561001
3561727
3565343
3571771
3575616
3579268
3579953
3584993
3586660
3589862
3600001
3600200
3601898
3602350
3604461
3605458
3611526
3615727
3618038
3620003
3620463
3620563
3627416
3627428
3628192
3629521
3631676
3638255
3642889
3644596
3647810
3664803
3668821
3670965
3671610
3673987
3675782
3679142
3680689
3699711
3700855
3700871
3711341
3711633
3713533
3719369
3721421
3724080
3726659
3732404
3734368
3737121
3744645
3745231
3747156
3750534
3750976
3752231
3760898
3762129
3763436
3765921
3769484
3774507
3775329
3775378
3775385
3775387
3778086
3778115
3779836
3780829
3781332
3781594
3782497
3784265
3785108
3785385
3788940
3789663
3790436
3791995
3802176
3802546
3804352
3808464
3808666
3814567
3829409
3830811
3830929
3832710
3833036
3835596
3841871
3842132
3842162
3842164
3844088
3845960
3848946
3854462
3854777
3855219
3861465
3862520
3864651
3866971
3871307
3877216
3879582
3879615
3882219
3886480
3886724
3889178
3903476
3904435
3904475
3904490
3911107
3915802
3917420
3918655
3918849
3923215
3923303
3924229
3926463
3930507
3932698
3943248
3945355
3950220
3953229
3954460
3958813
3960872
3969407
3970781
3976432
3978681
3986813
3987241
3990438
3991700
3993462
3995026
3995352
3995954
4002032
4002089
4002180
4005140
4005728
4005756
4008935
4009642
4009645
4010853
4019522
4019704
4022342
4022987
4023391
4026946
4028459
4030078
4032957
4033227
4034060
4035754
4036164
4040250
4043221
4046125
4046423
4048007
4048637
4048878
4053189
4055050
4055472
4059123
4061504
4061644
4062043
4066790
4070741
4073183
4075011
4084271
4089604
4095875
4103536
4107854
4117226
4123261
4123831
4124016
4124191
4140172
4140393
4143252
4145191
4147303
4148205
4149477
4157786
4159081
4165896
4178987
4178995
4179447
4182477
4186095
4197271
4197381
4199875
4205660
4211816
4214393
4216152
4224514
4225426
4231975
4231992
4246953
4251644
4252975
4258680
4262290
4262335
4263968
4265472
4269540
4274824
4275169
4280186
4283720
4285126
4294962
4295918
4298854
4300424
4301498
4308855
4310665
4311766
4312935
4314544
4323077
4324294
4333655
4333868
4341781
4341832
4344622
4346810
4349998
4350941
4358673
4359654
4372884
4378335
4382958
4383366
4384551
4384661
4387891
4395358
4395750
4401012
4404109
4407014
4408625
4415168
4420998
4423472
4423603
4425359
4433557
4439388
4446701
4447619
4453884
4454892
4456846
4457658
4457962
4458448
4464937
4465132
4471130
4472244
4475542
4479174
4479485
4509174
4510091
4510643
4512586
4520587
4523538
4527924
4538785
4539912
4540591
4542663
4545484
4549517
4552575
4555248
4572522
4572640
4578031
4579126
4581757
4582070
4582092
4582693
4588537
4593400
4595970
4605859
4612126
4617992
4621478
4623259
4623284
4624194
4626206
4626707
4628520
4638917
4642344
4648230
4651233
4652030
4657335
4659129
4661724
4667484
4668025
4669413
4669570
4671083
4671519
4672679
4673877
4673881
4681434
4682287
4684715
4688940
4692633
4693032
4693040
4694532
4694631
4698333
4698372
4698399
4698429
4698670
4700075
4702108
4706564
4711263
4711818
4713505
4719143
4719584
4737488
4737511
4738959
4743077
4750000
4750508
4752968
4758334
4759481
4771405
4771975
4786940
4787117
4788770
4809105
4810274
4817422
4817842
4823410
4824369
4825457
4825519
4846049
4858040
4870580
4872218
4875552
4876583
4877581
4878176
4878528
4888495
4888508
4888673
4891610
4891692
4892532
4897111
4907274
4911185
4911724
4911841
4912416
4912649
4912814
4915281
4915842
4919319
4919468
4920181
4922640
4928823
4929989
4932482
4933156
4934184
4934649
4935762
4936764
4952333
4953368
4953790
4955484
4962598
4966350
4966374
4968280
4970137
4971302
4977897
4977905
4979431
4979534
4981109
4987082
4988363
4990148
4992291
4994303
5001567
5004518
5004942
5007668
5008308
5013116
5020468
5021822
5022156
5025928
5027778
5036972
5039927
5048099
5051178
5053555
5053884
5054359
5055269
5056277
5062164
5072684
5073885
5074129
5074686
5074829
5084898
5088271
5088663
5090484
5093025
5096503
5100435
5105757
5107948
5110982
5113696
5113702
5118196
5119009
5121852
5126260
5128415
5134068
5134229
5134822
5135845
5135851
5136237
5140528
5148294
5151493
5154387
5159863
5161189
5161610
5169617
5172355
5183170
5189855
5190876
5191799
5193184
5194894
5199979
5207075
5217948
5221669
5224515
5226373
5237755
5242543
5248371
5254607
5262026
5262183
5265357
5272713
5274009
5278037
5278662
5280637
5286517
5286780
5287222
5289732
5290298
5291207
5293420
5307615
5309587
5315130
5317588
5319153
5322333
5353043
5355762
5361286
5367284
5374476
5376057
5376321
5377771
5378290
5381273
5393483
5396330
5398595
5401175
5408651
5412178
5416140
5422050
5423288
5425924
5436180
5436851
5438479
5442001
5451617
5452182
5454089
5454371
5457771
5477469
5481358
5481528
5491038
5492158
5496823
5500993
5506620
5510521
5511079
5511252
5515300
5525893
5526595
5528011
5531842
5532150
5534070
5537245
5541134
5543793
5546046
5552962
5554059
5554185
5563574
5568228
5575504
5575755
5576577
5576874
5583559
5588115
5590200
5606742
5609032
5609157
5609763
5609795
5611148
5611661
5613341
5617281
5617391
5619764
5623956
5624303
5627863
5632535
5633390
5641429
5645968
5646154
5648052
5649536
5649921
5653512
5655500
5661973
5663463
5666403
5667158
5668811
5684606
5684758
5694886
5697131
5697241
5707190
5707683
5707759
5710273
5710961
5716925
5719172
5719178
5719294
5724152
5724841
5724996
5725189
5729233
5730652
5739618
5752645
5762698
5765033
5774193
5777879
5777913
5797464
5808432
5809117
5809316
5820127
5821843
5826410
5828778
5829906
5830022
5830167
5834099
5836994
5841545
5845662
5853999
5858999
5860409
5861114
5863234
5865565
5865586
5866614
5867042
5867084
5867110
5867119
5867403
5868981
5871891
5872000
5873905
5874794
5875373
5880254
5896899
5897649
5897885
5906291
5913583
5915548
5917356
5920272
5923598
5927651
5931245
5937956
5943374
5943635
5945784
5951812
5954148
5954626
5961490
5963361
5971009
5971371
5971784
5971839
5973084
5977806
5980579
5989310
5991252
5991278
5994482
5997101
6011205
6011667
6013642
6018948
6021706
6024250
6029109
6030597
6031273
6033844
6037776
6040313
6041986
6045477
6047438
6056871
6058826
6064639
6065132
6065781
6068857
6074101
6075169
6077400
6077874
6080936
6082021
6082199
6082897
6084177
6087322
6104228
6107387
6108362
6109863
6111411
6112245
6113139
6114894
6115437
6116046
6118022
6127107
6127445
6133978
6135790
6139319
6144615
6149831
6156820
6163378
6164043
6168599
6170654
6173121
6180046
6183677
6183678
6184588
6185311
6204807
6210706
6210709
6211505
6233861
6235972
6243378
6243701
6246202
6246209
6246399
6250527
6255982
6259679
6260286
6265979
6267437
6267950
6271910
6275512
6281195
6289535
6293389
6301876
6316078
6321172
6321496
6325987
6326435
6326690
6330996
6335146
6338200
6340882
6341375
6343614
6346815
6346827
6349975
6350031
6357308
6360451
6361555
6361778
6362484
6364032
6364039
6366420
6367743
6376579
6381645
6382179
6382909
6385540
6386989
6392158
6394245
6397048
6399689
6400174
6409218
6411570
6414684
6415778
6418480
6420506
6421728
6424508
6427958
6429555
6430224
6430726
6433425
6435765
6435785
6435799
6450078
6459813
6461061
6479565
6479714
6490241
6500607
6501105
6502770
6510236
6514715
6516258
6520419
6523376
6524362
6530888
6542829
6548776
6554879
6555732
6555762
6559642
6561008
6563892
6566718
6571044
6574728
6577839
6580580
6582456
6587023
6588055
6589677
6592399
6594604
6598783
6599602
6600159
6607724
6615119
6615121
6617097
6623536
6624971
6628655
6631177
6632480
6632758
6635470
6636768
6643806
6644151
6653268
6658447
6659180
6661001
6666923
6673502
6674995
6675099
6684610
6686371
6693352
6695267
6696699
6697637
6699391
6699873
6700560
6700756
6708016
6709690
6713232
6713791
6714484
6718833
6719031
6721271
6723397
6725723
6726287
6729323
6733912
6736789
6741396
6741743
6742514
6743900
6751141
6751553
6756874
6757649
6758975
6762816
6764085
6764222
6765541
6766633
6766673
6767438
6787722
6806598
6806623
6810975
6810987
6814563
6814586
6816288
6817221
6817804
6817820
6826183
6828076
6828094
6834393
6837255
6845661
6846253
6848399
6852694
6854015
6855725
6855741
6856351
6857069
6859731
6864642
6868965
6870673
6874732
6875273
6876680
6876980
6877995
6881632
6885957
6885962
6887742
6888670
6893561
6893872
6900484
6908445
6908567
6911664
6911964
6912693
6912797
6927021
6934826
6937148
6940025
6940608
6943539
6945412
6947541
6948398
6949008
6956090
6966825
6966923
6969818
6971487
6972166
6972867
6975060
6980157
6980783
6985571
6988693
6989911
7004108
7010567
7010568
7012380
7013248
7025300
7030659
7033077
7034249
7041270
7044859
7046226
7047737
7053039
7055165
7056620
7060866
7062721
7068871
7070301
7070662
7072131
7073037
7074166
7075404
7080240
7081553
7083286
7090550
7090600
7093921
7094986
7095975
7097931
7099496
7123495
7125077
7128240
7128431
7128774
7132116
7135607
7138207
7141410
7141636
7142392
7142841
7142846
7152655
7154576
7155423
7158040
7160062
7160685
7164380
7171876
7175688
7176952
7177006
7178932
7178948
7180643
7182494
7182520
7185563
7186955
7190464
7190535
7195828
7197624
7201739
7202541
7204977
7206943
7207475
7208661
7208664
7212376
7218686
7220348
7221694
7225128
7232086
7232549
7234315
7235235
7237212
7239312
7242107
7248165
7264854
7266381
7268316
7269237
7275105
7282756
7284373
7284670
7292047
7294555
7295666
7301093
7305837
7311295
7320419
7322005
7330339
7333230
7333429
7335029
7348161
7348499
7352105
7355166
7358513
7365068
7365468
7366814
7369044
7369792
7375242
7375499
7383564
7386629
7388730
7393696
7393810
7394005
7400698
7403248
7405218
7407918
7413007
7414206
7418472
7420194
7421968
7422020
7422340
7426653
7426720
7429541
7440881
7446241
7447725
7448908
7451239
7452431
7453841
7458882
7459643
7468901
7472709
7472977
7475131
7476775
7491185
7494070
7501732
7501736
7501977
7503532
7503725
7506318
7509126
7509515
7511443
7512389
7512743
7512999
7513462
7513514
7515568
7515966
7520004
7524565
7524840
7524855
7526049
7532367
7533651
7534697
7536845
7543940
7547615
7547874
7557109
7559183
7565841
7566138
7566822
7578323
7582341
7588071
7594043
7600537
7601971
7604607
7604973
7605958
7613819
7616064
7617225
7618199
7618415
7619182
7619195
7621966
7629066
7630156
7630164
7632622
7635686
7638061
7640383
7662081
7664640
7669056
7669759
7671152
7673114
7673801
7674259
7676567
7677261
7677444
7677895
7683264
7684279
7685764
7691745
7692130
7701241
7705433
7705441
7705442
7710285
7712563
7715534
7734005
7737351
7746146
7750009
7758591
7773704
7777053
7780857
7785875
7785983
7785988
7787382
7790821
7791376
7793046
7800278
7803662
7804991
7806804
7810362
7815515
7821235
7824460
7826816
7827326
7828974
7832358
7842167
7842654
7847739
7847746
7852561
7856689
7860693
7864650
7865354
7868999
7870822
7877433
7878837
7883260
7884084
7885311
7889952
7894532
7897985
7902696
7909000
7912534
7918272
7925345
7935430
7938198
7943993
7955071
7955100
7955144
7955171
7961979
7963734
7985506
7987475
7988424
7989399
7990237
7995405
7999267
8000446
8002190
8004460
8005333
8006153
8012602
8019821
8022768
8024549
8027607
8035392
8035678
8046485
8046679
8049336
8064140
8067071
8067072
8074396
8078220
8078950
8085928
8088154
8090845
8096625
8097099
8100308
8104772
8106007
8110769
8111564
8113309
8113313
8115147
8119792
8121184
8122394
8126117
8138004
8138359
8142080
8147775
8152863
8164231
8164269
8175469
8176777
8177720
8178677
8181926
8183134
8187990
8189319
8194175
8196247
8197333
8198972
8200546
8203887
8214909
8227777
8239432
8239831
8245198
8247917
8252550
8254440
8256296
8256589
8264920
8267882
8268308
8268816
8269202
8270553
8272231
8272579
8286191
8291313
8295239
8305532
8307198
8307204
8310858
8312983
8313008
8314516
8315826
8318280
8319843
8319979
8320820
8323665
8325181
8325203
8344365
8344509
8361546
8363052
8364013
8364322
8369089
8371867
8372678
8376686
8378586
8379877
8384555
8384762
8386579
8386618
8387006
8387110
8391251
8392022
8394085
8394517
8407707
8414620
8422659
8425942
8426058
8441766
8443593
8445158
8445229
8456258
8457676
8458853
8465917
8467347
8478509
8479318
8483204
8484421
8488718
8490772
8498516
8501104
8502809
8503458
8507914
8514640
8521869
8528241
8529399
8534363
8535531
8538500
8542305
8546198
8549434
8550662
8556983
8557988
8559937
8566219
8566227
8566236
8566240
8570196
8571013
8576717
8580026
8581179
8583102
8592483
8598055
8605320
8605774
8607784
8609138
8610380
8611035
8612741
8618181
8618185
8621146
8629889
8631225
8640407
8643044
8645245
8649006
8650351
8650935
8655068
8656142
8658858
8662749
8670400
8670416
8670418
8671452
8675069
8682763
8682880
8687124
8691323
8695471
8703027
8704821
8710993
8714505
8715464
8719197
8725952
8726982
8748574
8755124
8755136
8755672
8755680
8771239
8772380
8773900
8774039
8780811
8791939
8795224
8796329
8800769
8801639
8806865
8813189
8813763
8814009
8814634
8818851
8821718
8822122
8828076
8831798
8834188
8836107
8836887
8840311
8845471
8845475
8852361
8852427
8855283
8855875
8860873
8863110
8863377
8867592
8877616
8879111
8880384
8884945
8886806
8889409
8890721
8897944
8902065
8904456
8905573
8908446
8926461
8936840
8940351
8941460
8942465
8944790
8945347
8945514
8948521
8951290
8952969
8959193
8961899
8963797
8964565
8973807
8988992
8989538
8994767
8994835
8999669
9006577
9012041
9013843
9017551
9022493
9025037
9027391
9028517
9029700
9033206
9038323
9038960
9040538
9047385
9047580
9050701
9051419
9052248
9055379
9058071
9063867
9066764
9067070
9067125
9068799
9069657
9076337
9078061
9089847
9091093
9092759
9094767
9097479
9100843
9111014
9112650
9118707
9119287
9122141
9130926
9145745
9159999
9164098
9168950
9170235
9170977
9174612
9174613
9174620
9178939
9179154
9180457
9182407
9183509
9186002
9187247
9193503
9194509
9195083
9195656
9204018
9207356
9209173
9212001
9216149
9222494
9223490
9223604
9225016
9229527
9229529
9230469
9235873
9239052
9242558
9243946
9244217
9252303
9252736
9255237
9258706
9262105
9266512
9271966
9273314
9278560
9279371
9279455
9281874
9305313
9309264
9312455
9320480
9324171
9328769
9331061
9339399
9341907
9342792
9347917
9352118
9362415
9367567
9371058
9374415
9374474
9374479
9380359
9381635
9381685
9384355
9386505
9387378
9388371
9389027
9392317
9394737
9397151
9402559
9406257
9409614
9409997
9416685
9417954
9418054
9419388
9419957
9421693
9421746
9428301
9428351
9437164
9443883
9445310
9447085
9454090
9456288
9459938
9462127
9463841
9464913
9466950
9481310
9487510
9491421
9491493
9497482
9501611
9503326
9505472
9506814
9512103
9513670
9515004
9515472
9516097
9517173
9518766
9519158
9519926
9521522
9522524
9534039
9534242
9535582
9536650
9541959
9544873
9545997
9546517
9546958
9546961
9547191
9557153
9557771
9563007
9568031
9570006
9573446
9576510
9577500
9589066
9589274
9594288
9596449
9611191
9614320
9631810
9633749
9637375
9641144
9649738
9651266
9651298
9652440
9655192
9657596
9657890
9662834
9664496
9667584
9667949
9668473
9669351
9672319
9675244
9682202
9689891
9694821
9699225
9699539
9700281
9704281
9704958
9705234
9705299
9705772
9711935
9714084
9714134
9721334
9722065
9723698
9726966
9727750
9731098
9732077
9732289
9743796
9744983
9749037
9761728
9769396
9773349
9774051
9775245
9775275
9783155
9783156
9784204
9785207
9788782
9789842
9790012
9792271
9793471
9797179
9799364
9800436
9804789
9806566
9812894
9814558
9817640
9817727
9825819
9832967
9833364
9834878
9835033
9836262
9844469
9855717
9856789
9862418
9867448
9867990
9869394
9875648
9880504
9895876
9896568
9896847
9898384
9900338
9901684
9903244
9907843
9932739
9934103
9935314
9935365
9937289
9938478
9942894
9955978
9960812
9960814
9963472
9967732
9973713
9976462
9981940
9982103
9984423
9984536
9985036
9988942
9994199
9998943
9999149
10000084
10004360
10006054
10006155
10008812
10010342
10012376
10022436
10022451
10023406
10036424
10047746
10049581
10051524
10052957
10057206
10065347
10066822
10067034
10070289
10074359
10074410
10079427
10083236
10084669
10085314
10086396
10086531
10086586
10092704
10095041
10100320
10102527
10109765
10112429
10112466
10118022
10131763
10135263
10136111
10143122
10147145
10147194
10147290
10152452
10156649
10170680
10174762
10175921
10177119
10177198
10184215
10188564
10190623
10193353
10194592
10195180
10195227
10195715
10195720
10195721
10197005
10206568
10226399
10228001
10236601
10237819
10238369
10240970
10241903
10243211
10248329
10250359
10255320
10259883
10260862
10268737
10271400
10271431
10279137
10283010
10283583
10284699
10284705
10284709
10285174
10286364
10288115
10298398
10299800
10300409
10313236
10316864
10324774
10335625
10337939
10350768
10351138
10351921
10352421
10355269
10355546
10356318
10357256
10362358
10365470
10367394
10375489
10376848
10377092
10378728
10379030
10381855
10394597
10395008
10397188
10397613
10398454
10410357
10412607
10415403
10423878
10424479
10426384
10430708
10437867
10450913
10475418
10481178
10485883
10487419
10489784
10498697
10499690
10502621
10502785
10504623
10512344
10512451
10514473
10516261
10518828
10521517
10521789
10526819
10533779
10533867
10538301
10540876
10544720
10549187
10553262
10555756
10557791
10560998
10565030
10567975
10569205
10571203
10571663
10576739
10588172
10591041
10598460
10609224
10609328
10613404
10625443
10625623
10625628
10628321
10630241
10631541
10637151
10641343
10644800
10645002
10653391
10659101
10668667
10676442
10676454
10686364
10688069
10688625
10693658
10698422
10699147
10702503
10705285
10716075
10717829
10722788
10724086
10730271
10735450
10748052
10751271
10753109
10753113
10762604
10767528
10767533
10768909
10770353
10770841
10772836
10775209
10775266
10779904
10782866
10784647
10795109
10802434
10804315
10804457
10804738
10804809
10814560
10819697
10824503
10828801
10828880
10831788
10837240
10837830
10840874
10844229
10847214
10852136
10854034
10856916
10864301
10867256
10870142
10870846
10872368
10873422
10873722
10875786
10876018
10878463
10882109
10883791
10886244
10886247
10888042
10901057
10901187
10902783
10904308
10911919
10912500
10916140
10918117
10918976
10927731
10933403
10939492
10940504
10940847
10942109
10946631
10947295
10953049
10955846
10956042
10958878
10959907
10964295
10971975
10976442
10976623
10979727
10980495
10985307
10994153
10994155
10994280
10994286
10994425
10996015
11000706
11001771
11008903
11012212
11014719
11016191
11017841
11017866
11019428
11026442
11028017
11028692
11030172
11036541
11037373
11039457
11045170
11046808
11052358
11054021
11055842
11055911
11055912
11056042
11056069
11056080
11058810
11061178
11065421
11067692
11090680
11095438
11101587
11103242
11104072
11111585
11113390
11114209
11117551
11119148
11120611
11120769
11122155
11125753
11128429
11134453
11136642
11140841
11141595
11141677
11142403
11147043
11147545
11152231
11153751
11155417
11156744
11156751
11164169
11172434
11176146
11178139
11181544
11183256
11184067
11186848
11187952
11187975
11188601
11188837
11192888
11193490
11196213
11199156
11203368
11204501
11206137
11211484
11214933
11223568
11223679
11225159
11225316
11229692
11232662
11232679
11238859
11241049
11244793
11245087
11252878
11265466
11275015
11275485
11289814
11312209
11314813
11321497
11322415
11328264
11329504
11333814
11338388
11343170
11344278
11346048
11346598
11346599
11351070
11353884
11354022
11354198
11358233
11358286
11359622
11363160
11367272
11367274
11368249
11369112
11370721
11392483
11393308
11393529
11396120
11401962
11405018
11407950
11410034
11412587
11421393
11425147
11426889
11428291
11431288
11432150
11432151
11435944
11436961
11453821
11455814
11467693
11470312
11477318
11486635
11489677
11491048
11498194
11504039
11505433
11505640
11505761
11510630
11517928
11519093
11519197
11525119
11525474
11525477
11532786
11532800
11535347
11535664
11540384
11540507
11543642
11544631
11544775
11548957
11549803
11552777
11554411
11555107
11563246
11565061
11565096
11569741
11573400
11574053
11574284
11574927
11577865
11584634
11587948
11589357
11597755
11597756
11601270
11602389
11603243
11608677
11611239
11612954
11619233
11623855
11628676
11628876
11629095
11631612
11631674
11640676
11642785
11650293
11653821
11661596
11662738
11665363
11666080
11666811
11672203
11676971
11677534
11682322
11682675
11684504
11684655
11696994
11699261
11700771
11703856
11704876
11706215
11708377
11708717
11709165
11710067
11711730
11734978
11739010
11740374
11749965
11755880
11756439
11758528
11762316
11765241
11765989
11767514
11779153
11779248
11782152
11783876
11787758
11803990
11813687
11816523
11816533
11816536
11818645
11822880
11822960
11823705
11824767
11824889
11827590
11827963
11830424
11831960
11833242
11840989
11859284
11859580
11860153
11861565
11861829
11867521
11868314
11870050
11871014
11871526
11875601
11881537
11882085
11882993
11889286
11896516
11896573
11897716
11898064
11901183
11904205
11908368
11911024
11919212
11920494
11920870
11925442
11927995
11932276
11934500
11944965
11945655
11954199
11959308
11963991
11965082
11966455
11966495
11968739
11970008
11970809
11985662
11995546
12000137
12008234
12009318
12009451
12015806
12018009
12022878
12022884
12029816
12032063
12036411
12038339
12040453
12059493
12064341
12068608
12070168
12075672
12078464
12079291
12084223
12091305
12091427
12097232
12100641
12101504
12103031
12104989
12106106
12107826
12113760
12121171
12125756
12127147
12127294
12130517
12133394
12133431
12134011
12137544
12139739
12140290
12147253
12150302
12150492
12151255
12153532
12167321
12178101
12180207
12184559
12187157
12190532
12191229
12191671
12193993
12205395
12219283
12220370
12220639
12223039
12223040
12225688
12226107
12227866
12228826
12230800
12234938
12236976
12242051
12242386
12249938
12255840
12257812
12259771
12262877
12269295
12269452
12271278
12276391
12282576
12284961
12286800
12286927
12287489
12291404
12294036
12296318
12300487
12300593
12305554
12308678
12309737
12310636
12312049
12312341
12313129
12313765
12321066
12324271
12327722
12327768
12330550
12332206
12332805
12333130
12336237
12337270
12339714
12343301
12344213
12344540
12349515
12368940
12372054
12376582
12382761
12383491
12389930
12396993
12397632
12404280
12404564
12407757
12408464
12411958
12416033
12416740
12419590
12425586
12426121
12431307
12431642
12432099
12432248
12441389
12443924
12443926
12444676
12448170
12449336
12453194
12455243
12455669
12455722
12459292
12463467
12465576
12467718
12468589
12469550
12471699
12472831
12475371
12483010
12495699
12495909
12509331
12521096
12533324
12534075
12534691
12535747
12535870
12547711
12548334
12552237
12561550
12562734
12566670
12575740
12575783
12576591
12587503
12589616
12589808
12595473
12601619
12606650
12608454
12611730
12615529
12619432
12621161
12629242
12631749
12642925
12645146
12645199
12646588
12649051
12651489
12655002
12660618
12665231
12666629
12667606
12674193
12674859
12675133
12676335
12680170
12684628
12698129
12702042
12702257
12704665
12706196
12707474
12707687
12709809
12714547
12716841
12718202
12718797
12723148
12739585
12743393
12751008
12751443
12758185
12760112
12763367
12767901
12774647
12776201
12780675
12782225
12782304
12784116
12785170
12790575
12793332
12802989
12809182
12810515
12811066
12812934
12815153
12816029
12821403
12821788
12823669
12825115
12832853
12834444
12835765
12841361
12841626
12844787
12845287
12847027
12854004
12861256
12863797
12867090
12867214
12869387
12870360
12871056
12872048
12872072
12872374
12874840
12881080
12883719
12884270
12886175
12890926
12896048
12896337
12897528
12902157
12903378
12905859
12905973
12907567
12910593
12913345
12915221
12915367
12929755
12936225
12939015
12941401
12946075
12949001
12958801
12964986
12971398
12971474
12974152
12977474
12983926
12987742
12997121
13001023
13005314
13006450
13013188
13017501
13021329
13025266
13027900
13030928
13031026
13034014
13040087
13043148
13045506
13054936
13057537
13063245
13066207
13068826
13078282
13080307
13080996
13082421
13082912
13084855
13095029
13095772
13096573
13100642
13100969
13103852
13106455
13106502
13108517
13109468
13110345
13110938
13113277
13114839
13120406
13122810
13123698
13125728
13126050
13126663
13127612
13129639
13129714
13130675
13135177
13136684
13139872
13142170
13148535
13153519
13154096
13157147
13161694
13161744
13167552
13171149
13173780
13176892
13183478
13190277
13191542
13195852
13202210
13207590
13210938
13211931
13219413
13222142
13241357
13243442
13245153
13245889
13248024
13250121
13250125
13252025
13252588
13255022
13259141
13262819
13269243
13272168
13273936
13274565
13277724
13280740
13281675
13290505
13291974
13295988
13298361
13301723
13307889
13309227
13310540
13310608
13311469
13314287
13323040
13323068
13323771
13324629
13329136
13341283
13345844
13351449
13352710
13354906
13354926
13356404
13360301
13361009
13362125
13364453
13365988
13367183
13375351
13386317
13388723
13400729
13401973
13402936
13414631
13419451
13419503
13422067
13425381
13429942
13431440
13432092
13437200
13437230
13442267
13444663
13444801
13445756
13447088
13452086
13454264
13457231
13466430
13468639
13473889
13484661
13485238
13488380
13506207
13512235
13512736
13513191
13521729
13531739
13532509
13532679
13532713
13533348
13535000
13541147
13550703
13558598
13560996
13561079
13561432
13563625
13564594
13565903
13572028
13572202
13582078
13584712
13585625
13587829
13589550
13589885
13590772
13591657
13593036
13593497
13593774
13595261
13599156
13602233
13611175
13617948
13619503
13622664
13626199
13632533
13634128
13635904
13647106
13653707
13663119
13668926
13675178
13676974
13678704
13679476
13682302
13683148
13685066
13687112
13687883
13690474
13693277
13695474
13697063
13708509
13715724
13716910
13721795
13723173
13728215
13729277
13732405
13734019
13734219
13737084
13739328
13744809
13747514
13749663
13749788
13754786
13762152
13763066
13763967
13764179
13772940
13778424
13779171
13784402
13785094
13788918
13791591
13793275
13811516
13814858
13819963
13824908
13831023
13833753
13833757
13836622
13839976
13840904
13842373
13850016
13851678
13860176
13866261
13873013
13875355
13875574
13881394
13887468
13890672
13892666
13896496
13897667
13900609
13902704
13903060
13909943
13916298
13916560
13920026
13920042
13923012
13926417
13932355
13932538
13934049
13934230
13934771
13937574
13948013
13958499
13958926
13967954
13970239
13970617
13970646
13970836
13971876
13977435
13981199
13984092
13986215
13987454
13987470
13989509
13991019
13991410
13992193
13992929
13993712
13998300
13998320
13999184
14000446
14000659
14005336
14005363
14008445
14008451
14010990
14016840
14025233
14030995
14031964
14032862
14033527
14034419
14039345
14039822
14054586
14056890
14063625
14063900
14063954
14064177
14064953
14065833
14066540
14070011
14071211
14071287
14078666
14080897
14082148
14084544
14085084
14085107
14089394
14090258
14091216
14094372
14096487
14105832
14107165
14120970
14131839
14156657
14160791
14161636
14171499
14172138
14172348
14172350
14175112
14175117
14178090
14179953
14183902
14184465
14195379
14196050
14198878
14215487
14217965
14219651
14221547
14224340
14224974
14226750
14228263
14228438
14232318
14236098
14238788
14247766
14249426
14256264
14256534
14261046
14262110
14281936
14285848
14286051
14286935
14293302
14300534
14300899
14300996
14311149
14311489
14314470
14320662
14320917
14321962
14335435
14340209
14340915
14342063
14343789
14348579
14354713
14357937
14358883
14359727
14361663
14361989
14363788
14364153
14364853
14371917
14372779
14374548
14379747
14382604
14383894
14383897
14384855
14384930
14385046
14390565
14396896
14400275
14400288
14405077
14406669
14409956
14411434
14417430
14417436
14430137
14433980
14437914
14440687
14444855
14447615
14450879
14454248
14457592
14462379
14464147
14465389
14469259
14471171
14472738
14478349
14484395
14485837
14487071
14489312
14492468
14497900
14499227
14501949
14506392
14506712
14506871
14508529
14509902
14525242
14534071
14535087
14536498
14537955
14538101
14539005
14542864
14555221
14558573
14562732
14567758
14569430
14579355
14579412
14580674
14583364
14597623
14598949
14608291
14609113
14616421
14618804
14618831
14623941
14624950
14624963
14625226
14629297
14639829
14641657
14642298
14642377
14645065
14649310
14649311
14652286
14652640
14659615
14659761
14668744
14669194
14673337
14674894
14675553
14675992
14677346
14685878
14686101
14692199
14692743
14694974
14700588
14702116
14703002
14703807
14704517
14708964
14710254
14712147
14712736
14713028
14715943
14720586
14723095
14725343
14725920
14730792
14735199
14739808
14745609
14752452
14756912
14759871
14761260
14767280
14767342
14770997
14772738
14775553
14777206
14778080
14781519
14783609
14785778
14789229
14810107
14813249
14814195
14817744
14819251
14820815
14826022
14828901
14838947
14842359
14842684
14844202
14848060
14848706
14849110
14851403
14858966
14865426
14865986
14866213
14871373
14873868
14875775
14877472
14886764
14887288
14891228
14894889
14895089
14898177
14898317
14901031
14907508
14909322
14911001
14911004
14911563
14912259
14912430
14912451
14919782
14922105
14923464
14927537
14932832
14935432
14936443
14941441
14944643
14951784
14953390
14956536
14957027
14957294
14957517
14967225
14970111
14986549
14986779
15005411
15005830
15010130
15014439
15016622
15020956
15021334
15028816
15032817
15034261
15036508
15037020
15037537
15039877
15041436
15044526
15044533
15044595
15044598
15049450
15055269
15055743
15056158
15060610
15071032
15078273
15080062
15081899
15082651
15083853
15089508
15109019
15109024
15111508
15112156
15114711
15117719
15118615
15120156
15123042
15127326
15127737
15138893
15148610
15155329
15157981
15160456
15160937
15163496
15165496
15165710
15171280
15174938
15181025
15195417
15202154
15204670
15206012
15210402
15210596
15215254
15215625
15223591
15227904
15228745
15230850
15233218
15236498
15240271
15244717
15254484
15257131
15257136
15262850
15266954
15268350
15269373
15274251
15275514
15287487
15294025
15295048
15296735
15301249
15307361
15308966
15314706
15317963
15322143
15322641
15328532
15328975
15336318
15336835
15342940
15343103
15347123
15347346
15348815
15348829
15355770
15357611
15359585
15361012
15362543
15364363
15364673
15365171
15367932
15368482
15371957
15381003
15384667
15387246
15388486
15389386
15391404
15394181
15394194
15395509
15397189
15399582
15400197
15401507
15404572
15409706
15412040
15415741
15418732
15418967
15420887
15426125
15427347
15436642
15436644
15438319
15440329
15441747
15452146
15463207
15466376
15468724
15471177
15479237
15482058
15486143
15486159
15501301
15509101
15509846
15513077
15513829
15518397
15518638
15520022
15524680
15532462
15534417
15540449
15540863
15541871
15544908
15546154
15548146
15548859
15550017
15552054
15552764
15552921
15554418
15557263
15560277
15561470
15561912
15567733
15576260
15577066
15584151
15584862
15590748
15593255
15593314
15593694
15599189
15605051
15614692
15615592
15615593
15622573
15629577
15642503
15649286
15652171
15664931
15669839
15680320
15680396
15680424
15681425
15689483
15689570
15691750
15694163
15696008
15696506
15700935
15702033
15702745
15703744
15705207
15708745
15710428
15711809
15715094
15717661
15719794
15720976
15740972
15747351
15750384
15751841
15762865
15765344
15768303
15769474
15771028
15772973
15773019
15773896
15785862
15786449
15789307
15800263
15803178
15815661
15821813
15821900
15822236
15827932
15829308
15832103
15832349
15837085
15839416
15841482
15845380
15846487
15848336
15849777
15854039
15855294
15862617
15863611
15864918
15867681
15867860
15869663
15871106
15875184
15876255
15879502
15879931
15883258
15884462
15885647
15886901
15888091
15891626
15891672
15894096
15899008
15900168
15903696
15904098
15905844
15906700
15907102
15912886
15913928
15918625
15919968
15924831
15925199
15926349
15938280
15943362
15943427
15946836
15954288
15965668
15969942
15982581
15983190
15983743
15988059
15989187
15993447
15995856
15998000
16002393
16008344
16010671
16018100
16019200
16019237
16019636
16021580
16023264
16025538
16028539
16028728
16030365
16032525
16033395
16034416
16035176
16040253
16040258
16051040
16052532
16055666
16066383
16066561
16075095
16078918
16079282
16099484
16100342
16104798
16108289
16113517
16114569
16123248
16123345
16126969
16134768
16140045
16145984
16148421
16154573
16162809
16168272
16170047
16182945
16185667
16186343
16188647
16188936
16189695
16195235
16198656
16200989
16218225
16223929
16224017
16224678
16225941
16228771
16229363
16234152
16239517
16246691
16246735
16262878
16268599
16278007
16280235
16282384
16285271
16285971
16287593
16288649
16288745
16289803
16291540
16293288
16300680
16302125
16305542
16309697
16320162
16331837
16334440
16342836
16346567
16347254
16347345
16354626
16358525
16360867
16363935
16364508
16369264
16375039
16377412
16386914
16386942
16387135
16389159
16391410
16396052
16396983
16400539
16402597
16405571
16407732
16412019
16415453
16415855
16417991
16421868
16423955
16424409
16429292
16430514
16430692
16431323
16440619
16440938
16443010
16452268
16461095
16464653
16464655
16469876
16472218
16476115
16477864
16482560
16484035
16484131
16491807
16492373
16493810
16498400
16507744
16517593
16521469
16521614
16522689
16532001
16533201
16535756
16536720
16536843
16540199
16541591
16552854
16553885
16555137
16564345
16572857
16573279
16577567
16580106
16583655
16585379
16586003
16586323
16591953
16612436
16615029
16619061
16620217
16624017
16628405
16630132
16633384
16635533
16642565
16648764
16649724
16654655
16654943
16660224
16663655
16665272
16666396
16672086
16678187
16690115
16690144
16694916
16694925
16701514
16702090
16702372
16705094
16705438
16705460
16705674
16710553
16719507
16721870
16725868
16726753
16729158
16739477
16743589
16757157
16759356
16765708
16771146
16771148
16773373
16778824
16779286
16779692
16781081
16789892
16792041
16792064
16799811
16803778
16822373
16825176
16828791
16834095
16834156
16835498
16841157
16852566
16854023
16855944
16855989
16856120
16856127
16862308
16865141
16865220
16869162
16872173
16874758
16882275
16893293
16901290
16903254
16903512
16904006
16905411
16908137
16915081
16916044
16918037
16918081
16924598
16927166
16927948
16930242
16931134
16933134
16936681
16939429
16939440
16939454
16942877
16948138
16951429
16970312
16970469
16971658
16972058
16978702
16981802
16982150
16983502
16987460
16999350
17004775
17005340
17013742
17014910
17016380
17020484
17029020
17029563
17033700
17034992
17038196
17038877
17045542
17047878
17052959
17063289
17063754
17063927
17071868
17072112
17078416
17079248
17079914
17087074
17090567
17094083
17101685
17111386
17111411
17114244
17117084
17128075
17138821
17139715
17139718
17151770
17154097
17155560
17156055
17157299
17163758
17189448
17189499
17196315
17198933
17200313
17202416
17202808
17205457
17209474
17212545
17212553
17212562
17212742
17218172
17225820
17236373
17237385
17239248
17240021
17240271
17246124
17249551
17253840
17256950
17260463
17261454
17266414
17267864
17269567
17271849
17274276
17275828
17276977
17278307
17279357
17279582
17282527
17286462
17286757
17299114
17303323
17320301
17321819
17323257
17324147
17326095
17329668
17348886
17351364
17351389
17356532
17364218
17365330
17365541
17367742
17368325
17369311
17369538
17369797
17375751
17378338
17381925
17382027
17393561
17397064
17399069
17400941
17402743
17403716
17403755
17404338
17404349
17407407
17410420
17410891
17411373
17412755
17424040
17426075
17426077
17427134
17428612
17431950
17447730
17461117
17465049
17465065
17469405
17472292
17474024
17474040
17478122
17480966
17484712
17489884
17490102
17492084
17499839
17503460
17504215
17507270
17511304
17511854
17513080
17523305
17523315
17529553
17532605
17539987
17540612
17540704
17541455
17542991
17545552
17546127
17546364
17551382
17551639
17554415
17554515
17557360
17560234
17569878
17572188
17574459
17574665
17576549
17583962
17584110
17587568
17588814
17595542
17599153
17602051
17604609
17606024
17611395
17616400
17618463
17618753
17619074
17621597
17625483
17626266
17626764
17632958
17635526
17636704
17639322
17646024
17647167
17649876
17651872
17652593
17655207
17655477
17663970
17669576
17675364
17678651
17683701
17691031
17693307
17695438
17697180
17698512
17702516
17706436
17706604
17706955
17708279
17715169
17725058
17725344
17726711
17728765
17730229
17730564
17730640
17738382
17740971
17752227
17753293
17756050
17756269
17758791
17759067
17759453
17761613
17765290
17776753
17780288
17792298
17794175
17797367
17798028
17807675
17808956
17813888
17817796
17818226
17818958
17822438
17822618
17822765
17826643
17828897
17832897
17837179
17840597
17840952
17845558
17845559
17845616
17848907
17848909
17849012
17850032
17853438
17857519
17859510
17859646
17863843
17872805
17874131
17875396
17877230
17877235
17878701
17878707
17879738
17890887
17890897
17891606
17892459
17896240
17896556
17903261
17904330
17912720
17913575
17915562
17916656
17918169
17921730
17923572
17926370
17927371
17928884
17931219
17931941
17940692
17941154
17941187
17941547
17944822
17944998
17948766
17950999
17959504
17961393
17961768
17962447
17967025
17967175
17971331
17976903
17978092
17980968
17987212
17989060
17994119
17995324
17998450
17999090
17999923
18001006
18002049
18005513
18006573
18007318
18011182
18014591
18015875
18016819
18019874
18020298
18021293
18021367
18030076
18031287
18031803
18048361
18048651
18051089
18051566
18057091
18057380
18057639
18057753
18062466
18067484
18071626
18075137
18075829
18079535
18085443
18091390
18099164
18103043
18103687
18105706
18115498
18121978
18126614
18130114
18133453
18133956
18136717
18141454
18142542
18144419
18145102
18147029
18150824
18150858
18153921
18162393
18168411
18170817
18171934
18180646
18188106
18190365
18201293
18201832
18212247
18212428
18216258
18224912
18233281
18234377
18237999
18239474
18239513
18244038
18247042
18247069
18251963
18253273
18255877
18258377
18259413
18262154
18265257
18268130
18268135
18279398
18308297
18309530
18310491
18312131
18316230
18319110
18322743
18330631
18333253
18340587
18342702
18343395
18349496
18350348
18355677
18356484
18357565
18363281
18367431
18369155
18370965
18374370
18382883
18387014
18389447
18391815
18399466
18399618
18399922
18401541
18401634
18412445
18419098
18425568
18432682
18433781
18434133
18437566
18451668
18451721
18452770
18455350
18459924
18466419
18469307
18476409
18478155
18478398
18482464
18489932
18503242
18513187
18518859
18520390
18525315
18525493
18540040
18541270
18541475
18541981
18544932
18545989
18546110
18549567
18552457
18562146
18571706
18572371
18572381
18574243
18574470
18576853
18579651
18579890
18584061
18602244
18611378
18612264
18613367
18614542
18615074
18627570
18627591
18629354
18633015
18634927
18637992
18648397
18648448
18649215
18649784
18654343
18656273
18656684
18658485
18658922
18659457
18663000
18664668
18671793
18675148
18678815
18680488
18683852
18684289
18685189
18685355
18687078
18691937
18698073
18709820
18711910
18715458
18716281
18718023
18719338
18719800
18719836
18719847
18721534
18725124
18726411
18741077
18741162
18750078
18750661
18754818
18757863
18758180
18758431
18760219
18763918
18769888
18786516
18786680
18789736
18798857
18812072
18816376
18839540
18841659
18842667
18842830
18843842
18844360
18846585
18849421
18852508
18856187
18856458
18859951
18865426
18868515
18870238
18870525
18874907
18875843
18885396
18895534
18900838
18901170
18905436
18905441
18907422
18910716
18933660
18937497
18938166
18938562
18948429
18950429
18951019
18960235
18963057
18974910
18978555
18981287
18983836
18983840
18989925
19001677
19005664
19007804
19011285
19023114
19024366
19030819
19039322
19039490
19040914
19042105
19052389
19060554
19068657
19071205
19071896
19074755
19075631
19080506
19086848
19087623
19094728
19097456
19112554
19113044
19113742
19121890
19125519
19138845
19139119
19141552
19143037
19143458
19150026
19151721
19151743
19151869
19153114
19153924
19155415
19164806
19166773
19168277
19168315
19174546
19176583
19183175
19199410
19199786
19203230
19210138
19215410
19219193
19226284
19226729
19227561
19227577
19233886
19235429
19235993
19240142
19245115
19245803
19246945
19248220
19254601
19262043
19279871
19281706
19285138
19292052
19293398
19295099
19297893
19298594
19301609
19305315
19305539
19306150
19312959
19321022
19328114
19344371
19346957
19347203
19355360
19369311
19374594
19382630
19385506
19390915
19390947
19399832
19400765
19407559
19407621
19411327
19412333
19421466
19422563
19425859
19434903
19436229
19436732
19437550
19437968
19438679
19443719
19444707
19453170
19453963
19454663
19455974
19462071
19462668
19470069
19470730
19471823
19474801
19474805
19476677
19477823
19478359
19478900
19479137
19481159
19483610
19485840
19487467
19490627
19491561
19496665
19500276
19501310
19504392
19513434
19514711
19521658
19529494
19533033
19533223
19536546
19537388
19537755
19540518
19541370
19541378
19543700
19549964
19551004
19553913
19555069
19558922
19565688
19565920
19577001
19577198
19579046
19582898
19582905
19583123
19586018
19587732
19589519
19592730
19598312
19598498
19598618
19599884
19603264
19604823
19618400
19621180
19628183
19628498
19632934
19637273
19638291
19644515
19652213
19656223
19659100
19670049
19670665
19671640
19673155
19675993
19676800
19680340
19680901
19682285
19688488
19692212
19693264
19694200
19694654
19701725
19702666
19705538
19706523
19707993
19712281
19712866
19718620
19721722
19725026
19725220
19726295
19735922
19738690
19740349
19745297
19746463
19751099
19753271
19764981
19770352
19773204
19774210
19777239
19779777
19781409
19791573
19791597
19791924
19795690
19798711
19809837
19810438
19815320
19821260
19821661
19822349
19825619
19827709
19831143
19836020
19837474
19837992
19845716
19851198
19852285
19855150
19858509
19870306
19871961
19871979
19873638
19876749
19878275
19880174
19892321
19892722
19902777
19905932
19908001
19909299
19910794
19913927
19914798
19920890
19927723
19929062
19930021
19938062
19946168
19948707
19949690
19956069
19960724
19963662
19970445
19972586
19977806
19977828
19978325
19978744
19982135
19984443
19994008
19996694
20001941
20002487
20004203
20020488
20024721
20028838
20029782
20030569
20031518
20040119
20047517
20048826
20052846
20055140
20057448
20059293
20063873
20070597
20073024
20079076
20081038
20081341
20081955
20084279
20084527
20086243
20088288
20099263
20104280
20105366
20108860
20119313
20124555
20128359
20129929
20133593
20133640
20135005
20137218
20141526
20141765
20145336
20146280
20146808
20146972
20151671
20152411
20157047
20163931
20174247
20181528
20182844
20182846
20182859
20186944
20190087
20190595
20196852
20201437
20201835
20204081
20210036
20214112
20214242
20218927
20232356
20235258
20236872
20237918
20242300
20245824
20253405
20254178
20261699
20268207
20268930
20270703
20273913
20274730
20276214
20279491
20280629
20281141
20281192
20288804
20306023
20308083
20310399
20310434
20310494
20312589
20319747
20325592
20331090
20331145
20336489
20343147
20343672
20349669
20349685
20354225
20357866
20357881
20361548
20361864
20362394
20365851
20368572
20372309
20374199
20378446
20385234
20389071
20394247
20395451
20396905
20399413
20402352
20404010
20411072
20411614
20415226
20425009
20425795
20428379
20429800
20433576
20434865
20439119
20451677
20470985
20474106
20480634
20480814
20481382
20482218
20484847
20493477
20494244
20495064
20496371
20500455
20502095
20505334
20505410
20516504
20518113
20518322
20519854
20522521
20522818
20531800
20532598
20532631
20533310
20534453
20536611
20541280
20542795
20545570
20549579
20552646
20555613
20555824
20558478
20561416
20561944
20567500
20577394
20579284
20581591
20584012
20586891
20588212
20589200
20592848
20593162
20603090
20603247
20604773
20604776
20606521
20607668
20609571
20609684
20613677
20614815
20617947
20635751
20637005
20645292
20647296
20651661
20652403
20656339
20656385
20658304
20668006
20669233
20673948
20675517
20678488
20679822
20680118
20685007
20694467
20699634
20699645
20705440
20707579
20725850
20730413
20732310
20739636
20740809
20741866
20742157
20742184
20745240
20745460
20748244
20748343
20755668
20756354
20760878
20763535
20764825
20769406
20769738
20772605
20775829
20780770
20783633
20790788
20791831
20799790
20814970
20818225
20820204
20839824
20843366
20843367
20843405
20844442
20847299
20851561
20851581
20851617
20856517
20857416
20859939
20861405
20861979
20865889
20866482
20871872
20874502
20875549
20876877
20882445
20892661
20917680
20921903
20933433
20939198
20944078
20947857
20948532
20950176
20958684
20960123
20963034
20974113
20974823
20975510
20975852
20979008
20985578
20987203
20987279
20991636
20992992
20997172
20999155
21001423
21002932
21003106
21005144
21005698
21011456
21012847
21017513
21019946
21029248
21033679
21039125
21039497
21044298
21044608
21052017
21055737
21058024
21058073
21058083
21063023
21063843
21083206
21086901
21089411
21091864
21099086
21100578
21110053
21118020
21121071
21123077
21126218
21131343
21138660
21138665
21142670
21143162
21145429
21147161
21147742
21152212
21152213
21154226
21158506
21164872
21173840
21179472
21179671
21181546
21182256
21188234
21195472
21197665
21201452
21202024
21203918
21205490
21207470
21214644
21215704
21215821
21217008
21217552
21217690
21234247
21234884
21237013
21241326
21243850
21244125
21257069
21257089
21263231
21264574
21269856
21277053
21279666
21290529
21306553
21314018
21320436
21328159
21328526
21335128
21335475
21336718
21336784
21339256
21339657
21340761
21341506
21346600
21350198
21351817
21358204
21360616
21362343
21362532
21364864
21376390
21377689
21381192
21382298
21384341
21384342
21385949
21389644
21391024
21391054
21394374
21395250
21398437
21399782
21402778
21402791
21403892
21404123
21404139
21404244
21405528
21409336
21416098
21416247
21417356
21422054
21422436
21425659
21428215
21428948
21435162
21448991
21450784
21454826
21462155
21465924
21470701
21478021
21483957
21487098
21493737
21496445
21496797
21499774
21513040
21513706
21514832
21516629
21520305
21527845
21529374
21532671
21532990
21534332
21539024
21543651
21553390
21557352
21557453
21559596
21570894
21579988
21581333
21583987
21589936
21590108
21591355
21599411
21600108
21600188
21602662
21604796
21606074
21606632
21612200
21615961
21620737
21622857
21624551
21634041
21638660
21639307
21646811
21648917
21655081
21659876
21664948
21665847
21665854
21667435
21670184
21670912
21673678
21688998
21693055
21694540
21696563
21697615
21701024
21702693
21703990
21711487
21712243
21717239
21717428
21736100
21741883
21745572
21749263
21752246
21754764
21757004
21757534
21758922
21759670
21763739
21767634
21768385
21783418
21793800
21793963
21794158
21796528
21797730
21797880
21809726
21813911
21814796
21822724
21823586
21824790
21825290
21838435
21840384
21841746
21848398
21854825
21858480
21861028
21867554
21873818
21885088
21886183
21886510
21890229
21890744
21894595
21896538
21899158
21903609
21903843
21905323
21906758
21908631
21908987
21909652
21911488
21917306
21921191
21923376
21929703
21934583
21936033
21942271
21945906
21947453
21948420
21949208
21954589
21956041
21956055
21960176
21966380
21966979
21967415
21967906
21974303
21983642
21989503
21993905
21994656
22001250
22002999
22003960
22005618
22006739
22008722
22009737
22015677
22019369
22024504
22029287
22031300
22032118
22033465
22054945
22058120
22065059
22067603
22068651
22070403
22073012
22074630
22077970
22082056
22082428
22092184
22094411
22095298
22099413
22106647
22108179
22110132
22123314
22131928
22133267
22133814
22134621
22135324
22136177
22136551
22143004
22144602
22144928
22157269
22158640
22173753
22176372
22177127
22183026
22189929
22196049
22196075
22199817
22205643
22205645
22206286
22207911
22210661
22215710
22217388
22222274
22224479
22234704
22237854
22239540
22239551
22241546
22245089
22247629
22249456
22249971
22250178
22252978
22253597
22253795
22254564
22256333
22258179
22261122
22267921
22269405
22290196
22292871
22293911
22295359
22298532
22302660
22304893
22305193
22305199
22311634
22319596
22320644
22321740
22323345
22325768
22328312
22333335
22334475
22339919
22351009
22352220
22355754
22356887
22358816
22358822
22362070
22362887
22381189
22385502
22389565
22392592
22394285
22396031
22403247
22404915
22407454
22408846
22418686
22420041
22420239
22427403
22429996
22431629
22431847
22433757
22443938
22445277
22445395
22448125
22461048
22461121
22466004
22467512
22468093
22469415
22473261
22475493
22479425
22480371
22483223
22485835
22488721
22492306
22493858
22493903
22496019
22507354
22507588
22508273
22508889
22510301
22510797
22510977
22514056
22517429
22523471
22528661
22529556
22542286
22542845
22542945
22542965
22543040
22544484
22552746
22559015
22561467
22561752
22576983
22584110
22584824
22589238
22589316
22589478
22595296
22597143
22599328
22599946
22601851
22607833
22609840
22610664
22614043
22619827
22633595
22638517
22650316
22660920
22661844
22662971
22667820
22668029
22668182
22668871
22668908
22671268
22671269
22675448
22680525
22681196
22684157
22685616
22686977
22687291
22688771
22689305
22689966
22690586
22691561
22691937
22691981
22693209
22695914
22698286
22700546
22707335
22708405
22708861
22711892
22712118
22715630
22716041
22718261
22720515
22727756
22734425
22734944
22743174
22743708
22744011
22747348
22750678
22753142
22755691
22755806
22758047
22758266
22758470
22760560
22760938
22763336
22767082
22771437
22771822
22778143
22786053
22790979
22792239
22802144
22806920
22807865
22816039
22818611
22818814
22821685
22824750
22826325
22832796
22833595
22837518
22839616
22839625
22843140
22844384
22844925
22854752
22858404
22859066
22867837
22868101
22869797
22875096
22876091
22880783
22881371
22881378
22881401
22882445
22887368
22887778
22892546
22894096
22900112
22900167
22901187
22901544
22903271
22909369
22910734
22912490
22915317
22915432
22916141
22919346
22923406
22923977
22936464
22939515
22941941
22949066
22950276
22952959
22954096
22955565
22956403
22956509
22964242
22964316
22972619
22975436
22975867
22975871
22978756
22980723
22982227
22983127
22985549
22985734
22987099
22991337
22997394
23000733
23009070
23010089
23012814
23016542
23021819
23032089
23032394
23032398
23034681
23036449
23041825
23044415
23052821
23068512
23072293
23077387
23077396
23079589
23080075
23080435
23081281
23088367
23090229
23092285
23097989
23102152
23108200
23113317
23117483
23120654
23120992
23121761
23125346
23130717
23131326
23135902
23140654
23142278
23142280
23147595
23147763
23148756
23150423
23152187
23153685
23153724
23154250
23154258
23154837
23155550
23159178
23159277
23169239
23171914
23174218
23181390
23181392
23181836
23184681
23184684
23184893
23186532
23188508
23198091
23226046
23230462
23230630
23234404
23239500
23240144
23241583
23247599
23254049
23256637
23257094
23259326
23259890
23264384
23267639
23278358
23288098
23299808
23301257
23304250
23306464
23309205
23309294
23328524
23330898
23332116
23333574
23335674
23336885
23336960
23340262
23342435
23346672
23348357
23351970
23356087
23358798
23360837
23361137
23363471
23364646
23369283
23371926
23372294
23373660
23375431
23376649
23382373
23383906
23389582
23394927
23400075
23401617
23407516
23413860
23416773
23417282
23421612
23428137
23434135
23438178
23439973
23440856
23447785
23449284
23452410
23458418
23462828
23463374
23476394
23484014
23492407
23492428
23496052
23498730
23499202
23506335
23511162
23516243
23520399
